segment	parent_segment	branch_order	length_m	base_distance_m	diameter_base_cm
1	0	0	1.0	0.0	40
2	1	0	1.0	1.0	37
3	2	0	1.0	2.0	34
4	3	0	1.0	3.0	31
5	4	0	1.0	4.0	28
6	5	0	1.0	5.0	25
7	6	0	1.0	6.0	22
8	7	0	1.0	7.0	19
9	8	0	1.0	8.0	16
10	9	0	1.0	9.0	13
11	3	1	0.5	3.0	7.0
12	11	1	0.5	3.5	5.5
13	12	1	0.5	4.0	4.0
14	12	2	0.3	4.0	1.5
15	14	2	0.3	4.3	1.0
16	4	1	0.5	4.0	6.5
17	16	1	0.5	4.5	5.0
18	17	1	0.5	5.0	3.5
19	17	2	0.3	5.0	1.5
20	19	2	0.3	5.3	1.0
21	5	1	0.5	5.0	6.0
22	21	1	0.5	5.5	4.5
23	22	1	0.5	6.0	3.0
24	22	2	0.3	6.0	1.5
25	24	2	0.3	6.3	1.0
26	6	1	0.5	6.0	5.5
27	26	1	0.5	6.5	4.0
28	27	1	0.5	7.0	2.5
29	27	2	0.3	7.0	1.5
30	29	2	0.3	7.3	1.0
31	7	1	0.5	7.0	5.0
32	31	1	0.5	7.5	3.5
33	32	1	0.5	8.0	2.0
34	32	2	0.3	8.0	1.5
35	34	2	0.3	8.3	1.0
36	8	1	0.5	8.0	4.5
37	36	1	0.5	8.5	3.0
38	37	1	0.5	9.0	1.5
39	37	2	0.3	9.0	1.5
40	39	2	0.3	9.3	1.0
41	9	1	0.5	9.0	4.0
42	41	1	0.5	9.5	2.5
43	42	1	0.5	10.0	1.0
44	42	2	0.3	10.0	1.5
45	44	2	0.3	10.3	1.0
46	10	1	0.5	10.0	3.5
47	46	1	0.5	10.5	2.0
48	47	1	0.5	11.0	0.5
49	47	2	0.3	11.0	1.5
50	49	2	0.3	11.3	1.0
